[gd_scene load_steps=7 format=2]

[ext_resource path="res://Player.tscn" type="PackedScene" id=1]
[ext_resource path="res://texture/texture_grass_9.jpg" type="Texture" id=2]
[ext_resource path="res://Box.tscn" type="PackedScene" id=3]

[sub_resource type="PlaneMesh" id=1]

[sub_resource type="SpatialMaterial" id=2]
albedo_color = Color( 0.239216, 0.607843, 0.160784, 1 )
albedo_texture = ExtResource( 2 )

[sub_resource type="ConcavePolygonShape" id=3]
data = PoolVector3Array( 1, 0, 1, -1, 0, 1, 1, 0, -1, -1, 0, 1, -1, 0, -1, 1, 0, -1 )

[node name="Root" type="Node"]

[node name="MeshInstance" type="MeshInstance" parent="."]
transform = Transform( 30, 0, 0, 0, 1, 0, 0, 0, 30, 5.88979, 0.327342, -1.09678 )
mesh = SubResource( 1 )
material/0 = SubResource( 2 )

[node name="StaticBody" type="StaticBody" parent="MeshInstance"]

[node name="CollisionShape" type="CollisionShape" parent="MeshInstance/StaticBody"]
shape = SubResource( 3 )

[node name="Player" parent="." instance=ExtResource( 1 )]
transform = Transform( 1, 0, 0, 0, 0.940389, -0.340101, 0, 0.340101, 0.940389, 0, 4.01959, 0 )

[node name="Box" parent="." instance=ExtResource( 3 )]
transform = Transform( 1, 0, 0, 0, 0.940389, -0.340101, 0, 0.340101, 0.940389, 23.4785, 22.1647, -3.9475 )
can_sleep = false

[node name="Box2" parent="." instance=ExtResource( 3 )]
transform = Transform( 1, 0, 0, 0, 0.940389, -0.340101, 0, 0.340101, 0.940389, 21.2438, 19.3477, -4.55468 )
can_sleep = false
