[gd_scene load_steps=7 format=2]

[ext_resource path="res://enemy/Action.anim" type="Animation" id=1]
[ext_resource path="res://enemy/Run.anim" type="Animation" id=2]
[ext_resource path="res://enemy/.mesh" type="ArrayMesh" id=3]

[sub_resource type="GDScript" id=3]
script/source = "extends KinematicBody

const GRAVITY =10
var speed = 200
var vel = Vector3()


func _physics_process(delta):
	
	$AnimationPlayer.play(\"Run\")
	
	vel.x = speed*delta
	vel.z = speed*delta
	vel.y -= GRAVITY*delta			
	vel = move_and_slide(vel,Vector3(0,1,0))
	
	if is_on_wall():
		print(\"stena\")
		speed*=-1 	
		
func on_bullet():
	queue_free()
	print(\"test\")
		
"

[sub_resource type="Skin" id=1]
resource_name = "Skin"
bind_count = 10
bind/0/name = "bone"
bind/0/bone = -1
bind/0/pose = Transform( 0.999986, 0.00538443, 7.80378e-05, -0.00538443, 0.999565, 0.0290076, 7.81856e-05, -0.0290077, 0.999579, 0, 0, 0 )
bind/1/name = "bone_1"
bind/1/bone = -1
bind/1/pose = Transform( 0.999972, 0.0074519, 0.000154781, -0.0074513, 0.998955, 0.0450969, 0.000181439, -0.045097, 0.998983, -0.00578426, -2.79549, 0.0450134 )
bind/2/name = "bone_2"
bind/2/bone = -1
bind/2/pose = Transform( -0.0183676, -0.999608, 0.0211128, 0.999706, -0.018695, -0.0154118, 0.0158005, 0.0208234, 0.999658, 1.99816, -1.34803, -0.113102 )
bind/3/name = "bone_3"
bind/3/bone = -1
bind/3/pose = Transform( -0.022473, -0.999513, 0.0216457, 0.988372, -0.025469, -0.149905, 0.150384, 0.018025, 0.988464, 2.01384, -3.77036, -0.627899 )
bind/4/name = "bone_6"
bind/4/bone = -1
bind/4/pose = Transform( -0.0218588, 0.169839, 0.985229, -0.999278, -0.0343624, -0.0162468, 0.0310955, -0.984873, 0.170467, -0.38285, -1.3714, 1.9833 )
bind/5/name = "bone_7"
bind/5/bone = -1
bind/5/pose = Transform( 0.144292, 0.173137, 0.974271, -0.988749, -0.0140216, 0.148928, 0.0394457, -0.984798, 0.169166, 0.240733, -3.71969, 2.0148 )
bind/6/name = "bone_4"
bind/6/bone = -1
bind/6/pose = Transform( -0.651772, -0.320549, 0.687344, 0.48052, -0.87571, 0.047257, 0.586766, 0.361083, 0.724793, 0.0387495, -1.14931, 0.195233 )
bind/7/name = "bone_5"
bind/7/bone = -1
bind/7/pose = Transform( -0.650516, -0.325084, 0.686404, 0.461308, -0.887076, 0.0170664, 0.603344, 0.327746, 0.72702, 0.0217932, -3.67904, 0.0582326 )
bind/8/name = "bone_8"
bind/8/bone = -1
bind/8/pose = Transform( -0.651772, 0.392656, 0.648856, -0.48052, -0.87571, 0.0472571, 0.586766, -0.280987, 0.759442, 0.245028, -1.12705, 0.0544793 )
bind/9/name = "bone_9"
bind/9/bone = -1
bind/9/pose = Transform( -0.650516, 0.351245, 0.673392, -0.461309, -0.887076, 0.0170665, 0.603344, -0.299539, 0.739089, 0.111972, -3.65876, 0.0200578 )

[sub_resource type="CapsuleShape" id=2]
radius = 2.80565
height = 6.63012

[node name="Enemy" type="KinematicBody"]
transform = Transform( 1, 0, 0, 0, 1, 0, 0, 0, 1, 0, 6.48085, 0 )
script = SubResource( 3 )

[node name=" 2" type="Spatial" parent="."]

[node name="Skeleton" type="Skeleton" parent=" 2"]
transform = Transform( 1, 0, 0, 0, 1, 0, 0, 0, 1, 3.53823, 0, 0 )
bones/0/name = "bone"
bones/0/parent = -1
bones/0/rest = Transform( 0.999985, -0.00538443, 7.81854e-05, 0.00538443, 0.999565, -0.0290077, 7.80383e-05, 0.0290077, 0.999579, 0, 0, 0 )
bones/0/enabled = true
bones/0/bound_children = [  ]
bones/1/name = "bone_1"
bones/1/parent = 0
bones/1/rest = Transform( 0.999998, -0.00206887, 1.6574e-05, 0.00206887, 0.999868, -0.0161001, 1.67371e-05, 0.0161001, 0.99987, -1.22645e-09, 2.79585, -7.27052e-09 )
bones/1/enabled = true
bones/1/bound_children = [  ]
bones/2/name = "bone_2"
bones/2/parent = 0
bones/2/rest = Transform( -0.957712, 0.268743, 0.102786, -0.259518, -0.961078, 0.0947577, 0.124251, 0.0640758, 0.99018, 1.39674, 1.96766, -0.00708801 )
bones/2/enabled = true
bones/2/bound_children = [  ]
bones/3/name = "bone_3"
bones/3/parent = 2
bones/3/rest = Transform( 0.999991, 0.00413996, 8.89141e-05, -0.00411418, 0.990868, 0.134769, 0.000469835, -0.134768, 0.990877, -1.52328e-07, 2.48081, -9.87332e-10 )
bones/3/enabled = true
bones/3/bound_children = [  ]
bones/4/name = "bone_6"
bones/4/parent = 0
bones/4/rest = Transform( 0.145983, -0.317298, 0.937022, -0.11804, -0.945989, -0.301945, 0.98222, -0.0665276, -0.175552, -1.42981, 1.97859, -0.0404742 )
bones/4/enabled = true
bones/4/bound_children = [  ]
bones/5/name = "bone_7"
bones/5/parent = 4
bones/5/rest = Transform( 0.986132, 0.16596, -0.0014524, -0.165966, 0.986097, -0.00832552, 5.0503e-05, 0.0084511, 0.999965, 5.05162e-08, 2.3533, -1.31847e-07 )
bones/5/enabled = true
bones/5/bound_children = [  ]
bones/6/name = "bone_4"
bones/6/parent = -1
bones/6/rest = Transform( -0.742996, 0.126954, 0.657145, 0.0151883, -0.978394, 0.206189, 0.669124, 0.163178, 0.725015, 0.462966, -1.06454, -0.113825 )
bones/6/enabled = true
bones/6/bound_children = [  ]
bones/7/name = "bone_5"
bones/7/parent = 6
bones/7/rest = Transform( 0.999988, -0.0045866, 0.00141217, 0.0045308, 0.999295, 0.0372653, -0.00158209, -0.0372585, 0.999304, -2.61761e-08, 2.52486, 1.30319e-07 )
bones/7/enabled = true
bones/7/bound_children = [  ]
bones/8/name = "bone_8"
bones/8/parent = -1
bones/8/rest = Transform( -0.697202, -0.281417, 0.659328, 0.205044, -0.959585, -0.192751, 0.686925, 0.00080435, 0.726728, -0.413832, -1.06787, -0.147101 )
bones/8/enabled = true
bones/8/bound_children = [  ]
bones/9/name = "bone_9"
bones/9/parent = 8
bones/9/rest = Transform( 0.998841, -0.0365736, -0.0312962, 0.0368195, 0.999295, 0.00731806, 0.0310065, -0.00846189, 0.999483, -1.02863e-07, 2.52487, -1.81884e-08 )
bones/9/enabled = true
bones/9/bound_children = [  ]

[node name="MeshInstance" type="MeshInstance" parent=" 2/Skeleton"]
mesh = ExtResource( 3 )
skin = SubResource( 1 )
material/0 = null

[node name="AnimationPlayer" type="AnimationPlayer" parent="."]
anims/Action = ExtResource( 1 )
anims/Run = ExtResource( 2 )

[node name="CollisionShape" type="CollisionShape" parent="."]
transform = Transform( 1, 0, 0, 0, -1.62921e-07, -1, 0, 1, -1.62921e-07, 0, -0.74646, 0.322515 )
shape = SubResource( 2 )
