[gd_scene load_steps=9 format=2]

[ext_resource path="res://hero/model.mesh" type="ArrayMesh" id=1]
[ext_resource path="res://hero/attack.anim" type="Animation" id=2]
[ext_resource path="res://hero/idle.anim" type="Animation" id=3]
[ext_resource path="res://hero/move.anim" type="Animation" id=4]
[ext_resource path="res://hero/_run.anim" type="Animation" id=5]
[ext_resource path="res://hero/turn.anim" type="Animation" id=6]

[sub_resource type="GDScript" id=2]
script/source = "extends KinematicBody

const VEL_SPEED = 2
const ROT_SPEED = 0.01
const GR_SPEED = 0.5
const RUN_SPEED = 5

onready var anim = $AnimationPlayer

var vel = Vector3()
var state = 'idle'

func _physics_process(d):
	var dir = Vector3()
	var rot = 0
	var need_state = ''
	var need_anim = ''

	if anim.current_animation != 'attack':
		if Input.is_action_pressed('ui_right'):
			rot = -1
		elif Input.is_action_pressed('ui_left'):
			rot = 1

		if Input.is_action_pressed('ui_up'):
			dir.z = -1
			if Input.is_action_pressed('ui_shift'):
				dir.z = -RUN_SPEED
		elif Input.is_action_pressed('ui_down'):
			dir.z = 1
		if Input.is_action_just_pressed('ui_accept'):
			need_state = 'attack'

	if rot:
		rotate_y(rot * ROT_SPEED)
		need_state = 'turn'

	if dir:
		need_state = 'run' if dir.z == -RUN_SPEED else 'move'
		dir = dir.rotated(Vector3.UP, rotation.y) * VEL_SPEED

	vel.z = dir.z
	vel.x = dir.x

	if !is_on_floor():
		vel.y -= GR_SPEED

	vel = move_and_slide(vel, Vector3.UP)
	
	if anim.current_animation != 'attack':
		if !need_state: need_state = 'idle'
	set_state(need_state, need_anim)




func set_state(s, a=''):
	if !s || state == s: return
	state = s
	if !a: a = s 
	if anim.current_animation == a: return
	if a == 'run': anim.playback_speed = 1.8
	else: anim.playback_speed = 1
	anim.play(a, 0.3)





























"

[sub_resource type="CapsuleShape" id=1]
height = 1.7

[node name="player" type="KinematicBody"]
script = SubResource( 2 )

[node name="Armature" type="Skeleton" parent="."]
transform = Transform( 0.285532, 0, 0, 0, 0.285532, 0, 0, 0, 0.285532, 0, 2.70763, 0 )
bones/0/name = "Bone"
bones/0/parent = -1
bones/0/rest = Transform( 1, 2.63899e-008, 3.86951e-009, 3.86951e-009, -0.287084, 0.957905, 2.63899e-008, -0.957905, -0.287084, 0, -2.1274, 2.26983 )
bones/0/enabled = true
bones/0/bound_children = [  ]
bones/1/name = "Bone.001"
bones/1/parent = 0
bones/1/rest = Transform( -1, 5.36275e-009, 8.73902e-007, 8.19679e-007, -0.341049, 0.940045, 3.03085e-007, 0.940045, 0.341049, -1.06581e-014, 2.25861, -2.38419e-007 )
bones/1/enabled = true
bones/1/bound_children = [  ]
bones/2/name = "Bone.003"
bones/2/parent = 1
bones/2/rest = Transform( 1, 7.99005e-009, 3.37424e-008, -7.6902e-009, 0.999961, -0.00887753, -3.38119e-008, 0.00887753, 0.999961, 0, 1.71048, 2.98023e-008 )
bones/2/enabled = true
bones/2/bound_children = [  ]
bones/3/name = "Bone.002"
bones/3/parent = 2
bones/3/rest = Transform( -1, 1.19707e-007, -1.33478e-006, -6.58938e-008, 0.990406, 0.138189, 1.33851e-006, 0.138189, -0.990406, 2.84217e-014, 2.0267, 0 )
bones/3/enabled = true
bones/3/bound_children = [  ]
bones/4/name = "Bone.004"
bones/4/parent = 2
bones/4/rest = Transform( -0.00816988, -0.999967, -8.64355e-007, -0.998816, 0.00816059, 0.0479547, -0.0479531, 0.000392655, -0.998849, -1.47073, 1.45041, -0.0059346 )
bones/4/enabled = true
bones/4/bound_children = [  ]
bones/5/name = "Bone.005"
bones/5/parent = 4
bones/5/rest = Transform( -1.62919e-007, -0.00380541, -0.999993, -6.9849e-010, 0.999993, -0.00380541, 1, -2.32831e-010, -1.6292e-007, 2.98023e-008, 2.48814, -2.98023e-008 )
bones/5/enabled = true
bones/5/bound_children = [  ]
bones/6/name = "Bone.009"
bones/6/parent = 2
bones/6/rest = Transform( -0.00816968, 0.999966, -8.6549e-007, 0.998816, 0.00816059, 0.0479547, 0.0479531, 0.000390922, -0.99885, 1.46051, 1.46594, -0.00519142 )
bones/6/enabled = true
bones/6/bound_children = [  ]
bones/7/name = "Bone.010"
bones/7/parent = 6
bones/7/rest = Transform( 1.94708e-007, 0.00380541, -0.999993, 2.88658e-015, 0.999993, 0.00380541, 1, -4.65661e-010, 1.94706e-007, 2.98023e-008, 2.48814, 2.98023e-008 )
bones/7/enabled = true
bones/7/bound_children = [  ]
bones/8/name = "Bone.006"
bones/8/parent = 0
bones/8/rest = Transform( -0.997951, 0.0639622, -0.00184331, 0.0183853, 0.259021, -0.965697, -0.0612906, -0.963752, -0.259666, 0.708765, 2.52893, -0.731246 )
bones/8/enabled = true
bones/8/bound_children = [  ]
bones/9/name = "Bone.007"
bones/9/parent = 8
bones/9/rest = Transform( -0.99795, 0.0639813, 0.000975063, 0.0639622, 0.99786, -0.013601, -0.00184319, -0.0135108, -0.999907, 2.98023e-008, 2.18806, 7.45058e-009 )
bones/9/enabled = true
bones/9/bound_children = [  ]
bones/10/name = "Bone.008"
bones/10/parent = 9
bones/10/rest = Transform( 1, -1.42464e-007, -4.20187e-008, -2.47746e-008, 0.118948, -0.9929, 1.4645e-007, 0.9929, 0.118948, 5.96046e-008, 4.16804, 1.04308e-007 )
bones/10/enabled = true
bones/10/bound_children = [  ]
bones/11/name = "Bone.011"
bones/11/parent = 0
bones/11/rest = Transform( -0.997951, -0.0639622, -0.00184299, -0.014818, 0.259021, -0.965758, 0.0622493, -0.963752, -0.259438, -0.698542, 2.52447, -0.71635 )
bones/11/enabled = true
bones/11/bound_children = [  ]
bones/12/name = "Bone.012"
bones/12/parent = 11
bones/12/rest = Transform( -0.997951, -0.063931, 0.00271824, -0.0639622, 0.99786, -0.0136011, -0.00184289, -0.0137471, -0.999904, -2.98023e-008, 2.18806, 3.72529e-009 )
bones/12/enabled = true
bones/12/bound_children = [  ]
bones/13/name = "Bone.013"
bones/13/parent = 12
bones/13/rest = Transform( 0.999112, -0.041391, -0.00781762, -0.00700516, 0.0197378, -0.999781, 0.0415362, 0.998948, 0.0194304, 5.96046e-008, 4.16803, -2.23517e-008 )
bones/13/enabled = true
bones/13/bound_children = [  ]

[node name="model" type="MeshInstance" parent="Armature"]
transform = Transform( 1, 0, 0, 0, 1, 0, 0, 0, 1, 0, 0, 0 )
mesh = ExtResource( 1 )
material/0 = null
material/1 = null
material/2 = null
material/3 = null
material/4 = null
material/5 = null

[node name="Armature2" type="Spatial" parent="."]
transform = Transform( 1, 0, 0, 0, 1, 0, 0, 0, 1, 0, 9.21613, 0 )

[node name="AnimationPlayer" type="AnimationPlayer" parent="."]
autoplay = "idle"
anims/attack = ExtResource( 2 )
anims/idle = ExtResource( 3 )
anims/move = ExtResource( 4 )
anims/run = ExtResource( 5 )
anims/turn = ExtResource( 6 )

[node name="body" type="CollisionShape" parent="."]
transform = Transform( 1, 0, 0, 0, -4.37114e-008, 1, 0, -1, -4.37114e-008, 0, 1.91172, 0 )
shape = SubResource( 1 )
